255	255	255	255	255	255	255	255	255	255	255	255	255	255	255	255	255	255	255	255	255	255	255	255	255	255	255	255	255	255	255	255	255	255	255	255	255	255	255	255	255	255	255	255	255	255	255	255	255	255	255	255	255	255	255	255	255	255	255	255	255	255	255	255	255	255	255	255	255	255	255	255	255	255	255	255	255	255	255	255	255	255	255	255	255	255	255	255	255	255	255	255	255	255	255	255	255	255	255	255	255	255	255	255	255	255	255	255	255	255	255	255	255	255	255	255	255	255	255	255	255	255	255	255	255	208	200	222	218	220	232	238	244	255	255	255	255	255	255	255	255	255	255	255	255	255	255	255	255	255	255	255	255	255	255	255	255	255	255	255	
255	0	2	15	14	6	0	7	7	4	12	11	2	0	6	7	5	2	0	0	0	17	14	0	0	11	7	0	0	0	12	13	6	7	6	5	1	2	0	0	0	0	0	5	5	6	16	14	0	0	2	0	2	4	8	9	0	1	6	9	10	0	1	0	0	2	18	32	14	4	0	4	14	10	0	0	0	0	7	2	0	0	16	19	7	0	0	1	0	0	7	7	2	10	8	10	10	4	0	0	5	10	5	0	0	0	0	3	12	9	0	1	0	0	0	1	7	10	2	0	7	13	0	0	0	80	32	18	38	36	54	94	88	34	8	7	8	10	2	3	4	2	0	3	9	14	13	10	12	1	4	4	2	1	0	0	0	4	8	255	
255	4	10	20	10	7	4	5	4	4	8	4	0	1	10	10	4	2	0	0	1	14	11	3	0	2	1	0	0	0	6	10	5	4	1	0	0	6	0	0	5	5	2	1	5	14	18	8	0	0	8	6	3	0	4	7	3	0	0	1	0	0	0	2	0	5	22	24	5	4	5	12	14	2	2	5	4	0	3	3	0	0	8	12	8	0	0	1	0	6	16	16	10	8	10	5	0	0	0	0	3	0	0	0	4	5	0	3	11	0	0	0	0	0	1	0	0	2	0	0	8	0	0	0	29	110	34	48	70	68	98	106	64	12	0	1	5	4	1	0	0	1	2	0	0	0	3	5	8	0	0	0	0	0	0	0	1	4	3	255	
255	0	10	12	4	5	6	3	0	4	7	0	0	4	13	10	3	3	2	0	4	9	7	5	2	0	0	0	5	2	4	8	4	0	0	0	2	9	2	0	8	9	4	1	7	17	16	4	0	0	8	4	2	1	0	4	5	1	2	2	0	4	8	5	3	10	20	10	0	0	3	14	12	6	7	8	9	11	11	12	8	4	0	5	7	2	0	0	1	10	7	2	2	0	0	0	0	0	0	0	0	0	0	1	2	0	0	0	11	0	0	0	1	0	0	0	0	1	0	0	0	0	0	0	144	86	30	70	80	88	112	84	32	0	0	0	10	10	5	1	1	5	7	1	0	3	6	8	4	0	0	0	1	3	4	0	0	6	3	255	
255	1	7	8	4	5	6	1	0	4	9	0	0	7	12	5	1	3	2	5	11	9	7	7	3	0	0	0	8	9	4	1	4	2	0	0	10	12	0	0	6	12	7	5	10	20	16	4	4	5	4	4	0	3	3	2	6	8	6	6	1	3	6	6	3	4	10	4	0	2	8	12	4	1	1	0	0	5	12	12	10	8	2	0	4	5	3	0	0	7	9	1	0	0	0	0	0	0	0	0	0	0	4	2	0	0	0	3	8	6	8	15	11	2	0	0	0	0	0	0	0	0	0	90	180	54	58	90	80	98	96	50	8	0	0	4	8	5	5	2	1	3	3	1	2	14	10	4	0	0	0	0	0	1	5	6	0	3	1	255	
255	0	5	11	8	7	6	0	0	3	10	0	0	6	8	2	0	1	2	9	15	12	9	7	1	0	3	4	5	12	3	0	6	11	6	6	8	6	0	0	2	16	16	20	20	18	12	6	0	1	0	5	4	5	5	4	8	6	1	0	0	3	8	3	6	3	9	5	1	4	5	0	0	2	0	0	0	6	0	0	0	0	2	3	0	2	3	0	0	0	4	4	1	0	0	0	0	0	0	0	2	1	0	0	0	0	4	8	6	8	6	5	4	0	0	0	0	0	0	0	0	0	64	255	126	50	86	92	100	108	60	11	0	0	1	6	0	0	0	0	0	0	0	0	0	10	4	3	4	5	6	2	0	4	0	0	0	0	1	254	
255	10	12	16	14	10	6	2	2	2	10	1	1	2	7	6	8	6	1	8	14	15	12	5	0	0	2	4	6	12	0	0	12	20	4	2	2	7	0	0	2	22	22	18	12	6	5	6	1	0	0	6	11	3	5	4	4	3	0	0	0	6	10	0	0	5	12	4	0	0	0	0	0	4	0	2	4	2	0	0	0	0	0	0	0	0	1	0	0	0	0	7	3	0	0	0	0	0	0	0	8	8	4	1	2	4	5	3	1	2	4	1	0	0	0	0	0	0	0	0	0	34	254	180	50	56	82	88	116	88	22	0	0	0	6	0	0	0	0	0	0	0	0	0	1	8	7	5	9	12	13	10	7	1	0	0	5	3	2	250	
255	6	3	5	10	7	4	3	0	2	10	0	0	0	10	14	12	6	2	4	10	17	14	1	0	6	1	5	12	12	2	3	20	20	4	4	3	8	1	7	26	40	26	12	6	3	2	1	0	0	0	4	15	12	0	1	0	2	0	0	1	9	5	0	0	6	4	0	0	0	2	3	4	6	3	5	2	0	0	1	0	0	0	0	0	0	2	4	5	7	7	12	8	4	4	4	2	0	2	8	0	3	6	11	14	8	0	0	0	0	0	2	0	0	0	0	0	0	0	0	0	142	164	38	26	54	68	84	90	42	10	11	12	10	3	0	0	0	5	0	0	0	3	4	6	8	7	2	0	2	0	0	1	0	0	0	0	1	1	248	
255	0	0	0	9	10	5	5	0	0	7	1	0	4	14	14	3	0	0	2	5	17	12	0	2	14	7	3	8	4	1	2	14	14	3	4	3	6	6	16	38	34	14	4	3	4	4	3	3	2	1	0	14	14	3	0	0	0	0	0	3	9	4	0	2	8	1	0	0	0	6	6	3	2	0	1	1	0	1	4	6	4	2	2	0	0	5	5	1	4	6	10	8	3	1	0	0	0	1	7	2	0	0	4	0	0	0	0	0	0	0	1	0	0	0	0	7	14	0	0	0	146	58	16	42	40	54	82	58	11	0	1	2	1	0	0	0	5	6	0	0	3	10	5	7	8	2	0	0	1	5	3	0	0	0	0	0	0	0	248	
255	0	2	3	6	10	6	7	2	0	3	2	0	3	9	9	0	0	1	4	1	10	9	0	7	15	9	1	3	1	0	1	12	13	0	0	0	4	8	12	14	7	0	0	2	3	8	3	2	3	0	0	9	10	4	2	3	0	0	1	5	8	5	2	5	4	0	0	0	7	10	8	1	0	0	0	0	0	0	0	0	0	0	1	1	0	3	2	0	0	0	4	4	0	0	0	0	0	0	1	2	0	0	2	0	0	0	0	0	0	0	0	0	0	0	0	12	0	0	0	24	118	30	42	58	40	60	78	30	2	3	0	0	0	0	0	0	0	1	0	0	1	5	0	4	6	5	2	0	8	3	4	0	0	0	0	0	4	8	246	
255	1	0	0	3	6	6	8	8	2	0	0	2	6	7	7	0	0	4	9	2	0	7	10	10	6	3	2	3	4	0	1	9	11	4	0	0	3	10	8	6	2	0	2	2	2	8	5	0	0	0	0	5	6	1	3	7	0	0	6	7	7	6	4	0	0	0	0	0	16	12	2	0	0	0	0	1	0	0	0	0	0	0	0	0	0	0	0	0	0	0	0	0	0	0	0	0	0	0	0	3	0	0	0	0	0	0	4	3	0	0	0	0	0	1	2	0	0	0	0	120	120	60	62	60	50	66	58	10	0	5	0	0	0	0	1	0	0	0	0	0	2	4	3	2	0	0	0	0	5	0	0	0	0	0	0	0	2	8	246	
255	2	0	0	0	4	6	7	15	10	0	0	5	9	6	6	3	0	4	10	0	0	4	12	8	0	0	1	6	6	5	3	9	13	9	0	0	0	7	5	3	0	0	1	2	2	3	3	1	3	2	1	6	1	0	0	7	1	0	7	7	4	3	2	0	0	0	0	0	13	10	1	0	0	0	3	11	0	0	0	0	0	0	0	0	0	0	0	0	0	0	0	0	0	0	2	4	0	0	0	3	0	0	0	0	0	3	8	4	0	0	0	0	1	4	0	0	0	0	107	228	114	70	62	58	52	50	32	4	2	8	0	0	0	3	0	1	4	2	2	5	6	4	2	1	0	0	0	0	0	2	0	0	0	0	0	0	1	2	252	
255	0	0	0	0	4	5	4	15	13	0	0	8	9	6	6	3	0	1	7	0	0	1	9	5	0	0	0	7	5	4	5	11	16	14	5	0	0	3	3	4	1	0	0	0	0	1	5	3	6	9	3	1	0	2	3	3	2	0	5	5	0	0	0	0	0	0	0	0	3	2	0	0	0	0	8	12	0	0	0	0	0	0	0	0	0	0	0	0	0	0	0	5	6	3	6	6	0	0	0	1	0	0	0	4	8	10	10	4	0	0	0	0	5	8	0	0	0	44	255	198	76	54	46	44	36	26	14	2	0	4	0	0	1	0	0	5	0	0	0	0	2	2	0	0	0	0	0	0	0	0	0	0	0	2	1	0	0	2	252	
255	1	0	0	1	10	8	2	5	10	4	4	12	10	8	4	0	0	2	7	3	0	0	8	5	0	4	5	6	4	2	5	11	15	16	10	0	1	6	2	0	2	1	1	0	0	3	9	4	4	7	3	1	3	0	2	0	0	0	3	3	0	0	0	1	0	0	4	0	0	0	0	0	0	5	10	1	0	0	0	0	0	0	0	0	0	0	1	0	0	1	5	0	5	6	12	10	8	10	10	7	7	7	5	6	10	10	5	2	0	0	0	1	10	2	0	0	14	255	255	86	38	36	30	28	20	12	6	0	0	1	0	2	5	0	0	9	0	0	0	0	4	1	0	0	0	0	0	0	0	0	0	0	7	0	0	0	0	1	248	
255	0	1	6	14	14	10	6	0	7	10	4	11	15	9	2	0	0	2	7	6	0	0	6	6	3	2	4	4	6	8	10	14	20	20	10	1	2	4	0	0	3	6	2	1	4	8	8	4	2	2	1	2	6	3	0	0	0	0	0	1	0	0	0	2	2	0	1	0	0	0	0	4	2	1	0	0	0	2	0	0	0	0	0	0	0	6	6	2	1	2	5	2	0	0	8	6	4	2	2	1	4	6	8	10	10	7	4	1	0	1	1	0	11	0	0	0	118	255	108	30	30	32	32	28	16	8	1	0	0	0	6	12	7	6	5	4	0	0	0	4	6	0	0	0	0	0	0	0	0	0	1	0	5	0	0	0	0	0	248	
255	1	1	10	20	18	10	5	2	6	12	2	4	17	15	4	2	5	3	4	8	0	1	0	3	8	0	0	1	6	10	10	16	24	18	2	3	6	3	0	0	8	12	4	2	1	0	4	4	3	1	0	1	4	2	0	0	2	0	0	0	1	0	0	1	2	0	0	1	2	3	8	18	14	11	8	4	0	1	1	4	3	3	0	0	0	6	10	13	14	11	4	0	0	0	7	4	0	0	0	0	1	0	0	1	2	0	0	0	0	0	0	12	20	0	0	0	150	126	14	17	24	36	42	34	18	6	0	1	8	7	10	10	1	3	7	5	0	0	6	8	4	1	0	0	0	0	0	0	1	0	0	0	0	0	0	0	0	0	244	
255	6	7	13	14	8	0	0	0	10	16	10	10	20	18	6	0	0	3	4	3	0	0	0	0	9	2	0	3	8	8	5	11	16	8	0	5	9	1	4	7	14	12	4	3	0	0	6	4	3	2	0	0	1	0	0	0	6	6	12	18	26	21	12	1	0	0	0	2	11	0	0	9	3	0	0	0	0	4	13	12	3	0	0	0	4	17	22	26	22	10	0	0	0	0	11	16	16	26	40	43	40	26	13	4	1	6	4	1	0	0	0	28	2	0	0	0	104	114	32	15	24	44	42	28	12	3	0	8	12	7	4	4	0	0	2	0	0	5	14	8	0	0	0	0	0	0	0	0	3	2	0	0	2	6	10	10	5	2	236	
255	6	7	14	13	5	0	0	2	8	8	10	16	22	16	2	0	0	2	0	0	0	3	0	2	5	2	3	6	5	8	5	10	14	6	1	7	8	0	0	2	10	8	2	2	2	2	8	4	2	1	0	0	2	0	1	0	4	10	0	2	6	0	0	0	0	0	0	0	12	0	0	6	3	0	0	0	0	17	28	22	12	0	4	2	2	29	44	15	0	0	0	0	0	7	32	29	6	14	23	14	6	0	0	0	0	5	0	0	0	0	3	17	0	0	0	3	134	188	62	21	42	58	38	20	10	7	6	12	6	1	1	0	0	2	3	0	1	12	10	1	0	0	0	0	0	0	0	0	0	0	0	4	10	13	14	11	7	11	234	
255	10	6	8	8	5	0	1	4	2	5	12	13	8	3	0	0	0	3	3	0	8	8	2	0	1	3	6	5	2	6	6	8	11	8	6	7	5	0	0	3	8	5	0	0	0	1	3	5	4	0	0	0	7	4	0	0	0	0	0	0	0	0	0	0	0	0	0	0	0	0	0	0	2	0	0	0	0	21	23	21	21	13	28	14	0	20	51	24	0	0	0	0	7	15	42	35	0	18	37	8	0	0	14	0	0	2	0	0	13	23	26	0	0	0	0	43	210	222	1	0	34	32	9	16	16	13	8	8	2	1	2	1	1	2	1	1	3	10	0	0	0	0	0	1	3	2	0	0	0	0	0	1	6	3	0	0	4	12	236	
255	10	6	4	5	4	3	5	1	1	3	7	12	9	4	0	4	4	2	6	4	4	0	0	0	2	8	8	6	2	3	6	9	12	14	10	4	4	0	0	2	13	8	0	0	0	0	0	7	7	0	0	2	10	0	0	0	0	0	0	0	0	0	0	0	0	0	19	0	0	0	4	0	1	0	9	19	4	6	0	4	14	17	29	0	0	0	17	16	1	0	0	25	30	9	14	10	0	5	30	7	0	0	37	0	0	4	0	0	25	42	30	0	0	0	12	64	247	179	0	0	46	60	53	44	10	0	0	4	0	1	0	0	0	0	0	0	6	6	0	0	0	0	5	5	3	0	0	0	0	0	0	6	3	0	0	0	0	2	238	
255	8	4	4	6	2	6	8	1	2	2	0	6	10	8	12	10	7	10	10	4	0	0	2	5	10	20	20	11	3	4	10	10	11	10	4	4	6	2	1	0	16	11	0	0	0	0	2	10	8	2	3	2	5	0	0	0	0	0	0	0	0	1	0	3	17	86	220	164	118	37	5	9	4	6	28	40	22	19	23	18	6	3	0	0	0	0	0	1	9	15	24	57	53	6	0	1	0	2	17	8	0	0	26	0	0	4	8	0	20	23	0	0	0	0	10	51	188	155	0	0	29	79	111	102	40	8	29	28	5	2	0	0	0	0	0	0	8	2	0	0	2	3	0	0	0	0	0	0	3	13	11	6	0	1	5	5	4	1	242	
255	13	6	4	4	8	16	14	7	4	4	2	0	9	12	17	10	2	8	5	4	5	6	8	6	12	22	18	10	5	2	8	7	8	5	2	10	12	6	2	3	16	10	0	3	7	9	10	12	12	4	0	0	3	0	0	0	0	0	0	0	0	21	19	14	26	121	190	16	0	0	0	23	10	8	30	62	62	46	46	60	84	91	71	56	86	116	119	115	94	55	32	51	54	15	10	48	80	74	72	68	51	40	40	24	23	26	26	24	40	9	0	0	0	0	0	16	82	120	50	0	0	37	98	105	51	55	125	104	22	0	3	0	0	0	0	0	11	0	0	0	1	3	0	0	0	0	0	0	3	0	5	0	0	4	11	15	14	7	240	
255	14	6	0	0	7	8	4	1	4	2	2	5	12	18	16	9	7	3	0	0	0	0	2	4	8	11	8	0	4	2	8	10	10	8	12	22	16	2	1	3	14	5	2	0	7	9	6	8	10	3	2	4	12	9	0	0	0	0	0	0	0	23	23	1	10	133	183	0	0	0	0	22	16	21	42	56	28	0	4	18	21	0	30	91	141	164	185	216	252	255	255	255	255	255	255	255	255	230	166	113	80	58	36	16	1	0	3	13	11	0	0	9	30	38	30	9	16	87	97	26	0	0	34	50	21	82	238	211	47	0	3	0	0	0	0	1	11	0	0	3	4	0	0	0	0	0	0	0	2	4	0	3	10	8	6	4	0	0	244	
255	6	3	0	0	10	7	3	5	1	3	5	6	8	12	11	8	8	2	0	0	0	1	4	10	6	6	8	0	4	10	16	12	10	10	14	16	8	2	5	8	12	0	0	6	3	2	3	8	6	1	5	8	10	10	26	30	12	0	0	0	12	28	16	0	2	141	128	0	0	0	14	16	6	10	27	38	8	0	22	32	28	3	0	26	16	0	13	19	31	66	80	84	54	24	6	32	2	0	0	0	0	0	0	0	0	0	9	22	6	0	0	0	0	0	0	0	20	55	74	30	0	0	0	10	3	91	255	255	69	0	2	0	0	0	1	4	8	0	0	2	1	1	1	0	0	0	0	0	3	1	0	4	8	0	0	0	0	0	244	
255	2	0	0	0	13	10	8	8	8	14	13	11	12	14	10	8	7	2	0	1	6	10	12	10	2	4	8	2	6	14	12	6	5	7	9	9	6	6	4	4	6	1	0	7	7	0	1	6	2	1	3	4	6	4	0	0	0	5	10	7	4	14	7	0	1	159	105	0	0	0	5	8	10	22	28	0	0	0	15	23	23	7	10	26	12	3	8	3	24	35	17	16	1	0	0	25	10	0	0	0	0	0	0	0	0	0	8	17	0	0	0	0	0	0	0	0	26	30	35	17	0	0	0	3	13	100	255	255	80	0	4	1	0	1	6	5	3	0	2	0	0	0	5	4	3	5	6	10	11	6	0	5	0	0	0	0	0	0	240	
255	0	0	0	4	16	24	26	18	18	26	16	14	12	10	10	12	10	6	3	6	14	10	6	1	0	4	7	3	8	8	4	7	8	8	10	10	8	4	0	0	5	4	7	10	8	4	4	4	0	0	2	4	10	1	0	0	0	6	5	2	0	6	2	0	0	180	136	23	0	0	6	13	14	14	7	0	0	2	0	5	22	14	16	12	0	0	0	0	0	0	0	3	0	0	0	19	24	7	0	0	9	12	8	8	3	0	0	0	0	0	0	0	0	0	0	12	20	14	14	5	0	0	0	7	22	110	255	255	80	0	5	0	0	1	2	0	0	2	1	1	0	2	1	0	0	1	5	8	3	1	0	0	0	0	0	0	0	0	236	
255	0	5	7	10	22	30	20	7	6	20	8	7	0	0	5	9	9	6	3	2	9	2	0	0	0	3	6	5	10	10	6	10	12	9	4	8	9	5	0	1	12	6	6	4	6	6	2	2	6	6	8	10	12	5	1	2	2	0	0	0	0	0	0	0	10	188	141	0	0	0	0	9	14	11	7	0	0	0	16	17	26	16	17	3	0	0	0	0	0	0	0	10	0	0	10	16	14	18	9	0	14	16	7	7	15	15	0	0	0	0	0	0	0	9	12	14	10	8	8	0	0	1	10	12	17	111	255	255	74	2	12	7	6	2	0	0	0	4	9	1	7	3	0	0	0	2	5	2	0	0	0	0	0	0	2	4	3	1	236	
255	11	8	14	18	24	18	10	0	0	17	7	1	2	0	5	12	13	7	0	0	9	4	0	0	0	6	10	8	7	8	10	9	4	0	0	5	9	6	0	4	18	12	7	4	12	8	2	2	8	4	6	8	8	6	12	12	0	0	0	0	0	2	11	19	56	182	82	0	0	0	1	0	8	4	3	0	0	17	0	0	20	22	16	0	0	0	0	0	0	0	0	12	0	0	9	6	3	10	13	11	32	20	3	5	23	16	0	0	0	0	0	0	10	2	0	5	6	8	6	0	0	8	10	8	12	118	255	255	76	10	18	3	1	0	1	1	1	6	10	2	4	0	0	0	0	0	12	3	0	3	7	6	1	0	1	0	0	0	236	
255	16	6	1	8	8	9	9	0	6	14	9	1	10	15	18	24	12	1	0	1	12	10	4	4	12	20	22	14	6	4	8	9	7	2	8	16	14	8	4	6	14	7	5	12	16	8	7	3	3	1	4	4	4	3	12	14	3	3	13	10	4	6	0	0	60	162	14	0	0	0	0	0	4	4	8	13	19	12	0	0	42	20	5	0	0	0	0	0	0	4	7	1	0	8	16	10	10	14	22	40	58	44	42	35	26	0	0	0	0	0	4	30	20	0	0	9	14	12	1	0	3	3	5	5	16	134	255	255	88	14	8	0	0	0	1	5	6	8	4	3	0	2	7	13	13	10	8	3	0	0	0	0	0	0	0	0	0	0	236	
255	18	6	4	6	2	10	18	16	16	12	8	6	7	13	22	24	8	0	2	16	22	16	12	14	18	18	18	14	16	16	16	16	14	12	14	14	8	8	10	8	8	6	3	10	8	2	1	2	2	8	14	10	8	3	2	2	0	0	0	6	10	0	0	1	65	156	31	29	10	0	0	4	4	2	14	16	15	1	0	0	58	19	0	0	0	0	0	0	6	4	4	2	8	22	18	10	20	28	36	48	46	18	6	0	0	0	0	0	0	0	34	48	23	7	5	16	20	8	3	1	4	0	5	8	17	138	255	255	88	4	0	0	0	0	0	0	0	4	2	4	2	6	7	5	7	10	4	0	3	0	0	0	0	0	0	1	0	0	234	
255	16	12	12	12	10	20	22	16	8	0	4	9	2	3	16	14	10	11	18	24	18	14	14	12	12	12	14	14	16	20	18	18	16	12	12	10	4	6	10	6	4	2	8	9	0	0	0	10	20	24	22	14	16	12	3	0	2	0	0	0	0	3	1	0	62	178	15	0	0	0	7	6	0	0	12	14	2	0	0	4	51	18	0	0	0	0	2	8	8	5	4	8	34	30	6	11	34	40	42	38	15	6	0	0	0	0	0	0	0	9	32	8	0	3	16	22	16	3	2	7	6	2	6	4	16	162	255	255	80	3	0	0	0	1	0	0	0	6	4	1	0	2	3	0	0	0	2	3	6	2	1	0	0	6	10	7	6	4	228	
255	10	8	12	16	16	18	12	8	0	0	4	13	1	4	16	6	5	10	14	12	8	12	12	6	8	16	16	14	14	10	8	6	10	8	10	10	3	2	6	0	0	0	8	8	0	0	14	26	24	18	14	8	12	12	18	16	10	10	8	0	2	0	4	6	37	171	21	0	0	11	3	2	0	0	5	11	2	0	4	9	35	19	0	0	0	0	1	2	2	3	6	12	32	2	0	26	46	26	14	6	0	0	0	0	0	0	0	1	0	2	8	0	0	0	16	10	1	0	3	4	2	0	5	0	34	244	255	255	62	0	0	0	0	1	0	2	5	10	0	0	0	0	0	0	0	0	2	4	2	0	0	1	0	6	3	0	4	3	230	
255	6	7	12	16	16	12	6	8	0	1	6	14	6	10	10	1	0	3	4	2	6	10	10	6	12	20	14	12	12	2	2	2	8	8	12	10	3	2	4	1	2	6	14	8	4	18	30	26	14	7	5	2	6	6	15	12	1	0	0	5	3	0	0	3	34	158	22	6	4	17	0	0	1	8	8	0	0	0	0	17	36	16	0	0	0	0	0	2	4	0	5	8	9	0	4	50	36	6	7	6	0	0	0	0	0	0	4	4	0	0	0	0	0	8	8	0	0	0	6	8	0	0	8	0	54	255	255	230	58	14	15	14	9	12	11	14	12	6	0	0	0	0	0	0	3	4	4	2	0	0	0	1	3	4	0	0	0	3	232	
255	4	7	10	12	10	6	6	8	1	1	8	14	6	4	2	4	6	3	0	1	7	12	8	4	12	18	12	8	8	2	3	4	10	10	12	10	7	4	6	12	16	20	24	18	22	32	28	20	10	6	4	7	22	16	14	10	8	4	0	0	7	9	9	15	54	174	52	29	17	6	0	0	1	2	0	0	0	0	2	26	34	20	9	3	0	0	0	6	8	2	6	3	0	1	34	46	20	2	1	4	0	0	0	0	0	0	0	0	0	0	0	0	4	5	0	0	0	0	3	6	3	7	10	0	46	254	255	169	28	0	0	0	0	5	8	0	0	1	2	0	0	0	0	0	0	0	0	0	0	0	0	0	0	1	0	0	0	1	234	
255	6	4	6	15	14	4	3	4	2	5	14	14	6	4	2	6	6	3	1	4	14	18	12	10	16	18	10	4	2	1	0	2	10	8	10	8	4	4	10	16	18	22	20	18	24	22	16	14	8	8	9	16	32	17	18	23	19	17	16	3	0	11	16	10	26	138	33	0	0	0	0	5	1	0	0	0	0	7	22	30	26	14	13	9	1	0	0	5	14	10	6	0	0	18	52	38	14	4	0	0	0	0	0	0	0	0	6	0	0	0	1	2	0	0	0	0	0	0	0	5	11	14	9	0	26	187	255	147	39	16	2	0	0	6	27	33	50	33	0	0	3	0	0	0	0	0	0	0	0	0	0	0	0	0	0	0	0	0	234	
255	9	8	12	20	16	4	0	0	2	8	10	8	6	4	2	4	3	0	8	16	22	20	16	18	20	18	10	4	3	1	1	6	10	6	10	6	2	6	12	14	14	16	12	12	16	10	6	8	6	10	12	16	18	4	9	11	0	0	0	0	4	0	0	0	12	129	48	0	0	1	0	10	16	12	0	0	10	12	20	16	8	0	0	9	9	9	7	1	17	17	4	9	29	60	62	30	0	0	0	0	0	0	0	0	0	1	7	4	3	4	2	0	0	0	0	0	0	0	0	0	15	19	10	0	5	78	131	97	56	39	13	0	0	8	29	55	101	71	8	37	55	18	0	0	0	2	2	0	0	0	0	0	0	0	0	0	0	1	234	
255	13	14	16	14	9	5	1	0	2	4	2	3	4	1	0	1	1	5	10	14	20	18	16	16	16	14	8	5	7	8	8	10	12	16	22	14	9	10	16	22	24	24	18	14	14	6	3	8	8	4	4	6	6	0	4	8	0	0	0	0	6	0	0	0	26	150	60	1	0	3	0	10	20	18	27	19	20	14	8	1	0	2	12	0	1	5	18	26	26	18	22	34	44	42	24	7	0	0	0	0	0	0	0	4	0	1	12	14	12	16	11	6	8	10	9	6	5	22	22	8	12	21	11	0	0	17	51	72	62	39	17	0	0	5	0	14	64	54	33	90	114	86	47	8	10	12	6	3	1	0	0	0	3	6	4	0	0	4	228	
255	11	11	10	6	4	6	2	0	3	5	2	0	3	4	1	2	2	6	7	7	12	10	10	12	10	6	2	2	3	4	6	8	12	22	28	17	14	18	24	26	26	22	16	12	10	6	7	12	8	0	0	4	5	0	0	0	0	0	0	1	8	4	4	1	32	146	52	16	14	7	0	5	21	7	0	7	16	12	6	1	4	6	24	1	0	2	21	29	26	26	36	32	14	0	0	5	1	5	1	0	0	6	10	4	0	0	14	8	5	1	2	8	18	16	8	2	0	16	4	11	12	12	0	0	0	11	44	77	66	36	12	1	2	2	0	0	0	3	19	51	93	159	171	85	20	12	6	6	10	9	3	0	0	1	0	1	1	10	228	
255	0	3	6	8	8	8	0	0	8	8	0	0	2	9	3	2	2	6	6	7	13	9	9	9	4	4	4	2	0	0	6	10	12	20	20	4	6	18	18	14	14	8	4	4	6	8	7	6	2	0	0	7	9	0	0	0	0	3	5	7	4	0	0	0	24	139	54	19	19	13	10	4	10	9	0	0	12	8	2	4	15	24	28	3	2	11	14	11	14	20	20	13	1	0	0	8	0	0	0	0	3	6	1	0	0	0	16	6	3	0	0	6	9	0	0	0	0	7	0	0	3	0	0	0	10	16	41	75	71	31	1	0	0	2	0	0	0	0	0	0	13	139	255	205	65	2	2	1	2	7	9	5	0	2	4	6	10	10	232	
255	0	0	4	6	3	0	0	0	14	12	2	0	4	16	8	4	6	12	14	16	14	10	12	6	1	4	6	3	1	2	10	12	12	20	16	0	2	12	6	3	8	5	1	4	5	2	0	0	0	0	0	7	13	0	19	43	32	3	0	0	0	2	0	0	1	135	74	0	0	0	0	9	20	10	1	1	10	2	4	14	7	3	2	1	9	16	14	12	5	0	0	5	3	0	0	6	0	0	0	0	0	1	2	3	5	4	9	1	1	0	3	1	9	0	0	0	0	0	0	2	2	0	2	7	12	19	32	61	63	21	0	0	0	0	9	0	0	0	0	0	0	60	202	255	170	56	7	0	1	3	3	2	4	6	8	5	9	6	232	
255	0	0	6	9	0	0	0	4	20	18	9	10	14	18	10	8	8	10	14	18	10	4	11	6	1	3	4	5	6	12	16	12	10	16	14	6	10	14	8	2	7	7	0	3	6	2	0	0	0	0	0	6	11	0	16	39	29	8	0	0	0	5	8	0	0	116	60	0	0	0	14	20	14	5	2	6	6	2	20	18	5	0	0	0	4	10	12	16	12	6	3	0	0	0	2	4	0	0	0	3	7	14	24	18	12	5	4	1	4	14	15	19	6	0	0	0	0	0	0	3	6	1	0	0	4	20	25	40	40	7	0	0	0	0	8	2	0	0	0	0	0	8	83	201	238	168	69	8	0	1	3	4	4	4	8	4	4	5	234	
255	0	0	4	9	5	1	2	8	16	14	2	6	8	10	8	4	0	6	16	14	2	0	9	12	6	2	0	6	12	12	10	8	10	14	12	8	12	12	6	5	10	6	0	3	6	1	0	0	0	0	3	10	4	0	0	0	0	9	10	0	0	8	18	0	3	95	30	0	0	10	28	32	0	0	2	6	0	7	15	6	0	5	9	7	2	3	3	1	14	22	19	13	5	0	2	3	2	3	10	18	19	14	16	9	12	10	14	12	7	7	1	0	0	0	4	5	5	4	0	4	14	6	0	0	5	19	17	17	17	4	0	0	0	0	5	4	0	0	0	0	4	0	16	84	184	255	189	54	3	2	10	16	18	14	6	1	1	5	236	
255	0	0	1	10	14	7	6	6	8	10	1	0	6	10	10	0	0	8	22	10	0	2	10	16	8	3	4	8	11	10	8	8	14	14	10	6	6	2	1	6	8	2	2	10	8	0	0	0	6	10	12	8	2	0	0	0	0	10	9	5	6	20	24	4	9	96	30	21	42	52	30	16	0	0	3	0	0	9	11	4	3	2	0	0	0	2	0	0	8	8	7	1	4	14	13	6	12	10	10	3	0	0	8	4	0	8	18	16	14	2	0	0	0	0	3	6	8	5	1	6	14	4	5	9	26	32	14	0	5	7	1	0	0	3	12	5	2	3	3	0	2	3	4	12	74	232	255	154	31	0	2	12	19	16	6	0	0	1	236	
255	0	0	3	16	22	14	8	6	6	7	3	2	2	6	8	2	5	20	20	2	0	8	16	14	7	4	6	10	10	8	10	14	14	8	4	5	6	2	1	4	2	2	8	10	4	1	3	8	16	12	8	4	4	2	0	0	13	14	7	18	30	34	32	18	19	114	68	45	34	22	0	3	3	0	0	0	0	14	6	2	8	3	0	1	9	6	2	0	5	1	0	2	3	7	8	2	5	0	3	0	0	0	8	6	0	0	8	12	11	10	3	0	0	0	0	2	3	2	1	3	15	5	6	12	26	26	4	0	6	10	18	22	38	72	72	50	30	16	11	5	0	11	14	9	8	126	255	255	100	11	0	8	7	9	9	6	3	0	238	
255	0	0	18	26	24	14	8	6	4	6	4	1	1	6	7	2	10	16	5	0	6	16	14	10	10	10	6	4	8	12	14	18	14	6	4	4	5	1	2	5	4	8	6	2	0	0	5	10	14	10	6	4	4	3	0	0	0	0	0	3	11	10	20	12	19	138	90	42	5	0	0	5	7	0	0	0	28	40	17	7	22	14	10	2	12	7	0	0	4	6	1	11	8	0	0	0	0	0	3	0	0	0	6	4	3	4	8	8	0	2	11	14	14	12	8	4	1	2	4	0	16	12	6	7	10	12	0	0	30	80	146	208	255	255	255	226	171	113	61	27	13	20	20	2	0	44	195	255	207	52	10	10	1	5	12	18	19	14	236	
255	0	3	12	14	14	9	6	1	0	4	5	1	0	5	8	5	5	6	1	0	14	16	8	4	8	8	2	0	4	6	10	16	10	6	8	8	4	0	6	12	12	8	0	0	0	1	0	2	6	6	4	3	1	1	6	5	0	0	0	0	0	0	12	0	0	144	106	50	17	0	20	16	2	0	0	14	44	14	0	1	20	0	0	0	10	13	0	0	10	11	12	7	3	0	0	0	2	4	3	0	6	14	22	22	16	6	8	3	0	0	0	6	18	24	22	11	2	2	7	10	22	22	7	7	2	6	3	52	186	255	255	255	255	255	255	255	255	255	200	97	44	19	2	0	0	12	100	255	255	139	10	2	0	0	7	16	20	16	238	
255	10	1	5	15	16	10	9	2	0	3	6	3	0	3	7	5	4	4	4	10	14	10	7	2	4	5	1	0	0	1	13	20	13	7	8	6	3	2	10	12	8	2	0	0	0	4	0	2	7	5	0	0	0	0	3	9	0	0	0	0	0	0	17	0	6	156	110	27	21	25	44	19	13	5	7	26	19	3	0	1	22	0	0	0	10	9	0	0	11	13	12	0	0	0	2	5	10	7	0	0	0	8	12	4	0	0	5	0	0	0	0	25	18	12	13	9	5	3	6	15	24	24	14	15	10	18	104	255	255	255	255	255	244	176	158	198	254	255	255	172	76	27	4	0	3	12	32	150	255	255	46	2	0	2	4	2	0	2	244	
255	16	14	18	28	16	6	11	8	4	6	8	4	0	2	6	6	6	8	14	18	12	8	4	1	3	6	6	8	8	8	16	20	17	8	7	4	0	0	8	8	4	0	2	5	5	6	1	2	7	5	0	0	0	0	0	5	0	0	0	2	0	0	30	5	22	176	90	0	1	10	14	0	0	2	16	18	6	4	4	0	15	1	0	6	16	4	3	5	0	8	9	0	0	0	5	16	15	10	8	3	0	8	5	1	0	0	1	0	0	1	22	36	6	0	0	0	10	12	8	10	8	12	10	4	5	92	255	255	255	255	172	46	26	20	24	36	51	101	187	214	138	50	18	13	14	14	0	45	243	255	165	9	3	2	3	0	0	0	246	
255	8	19	34	32	14	2	12	13	4	2	4	2	4	10	14	18	18	20	24	18	12	10	4	1	1	5	11	8	5	10	18	24	22	10	6	3	0	2	12	10	6	4	12	16	17	10	6	8	10	4	0	0	2	2	5	7	6	7	4	0	1	14	54	18	32	164	62	0	0	0	4	0	0	0	9	9	16	14	7	6	12	0	0	12	10	4	6	6	1	6	4	0	2	0	0	9	0	11	19	13	1	7	4	6	10	5	0	0	0	5	18	16	0	0	0	0	5	11	9	4	0	6	8	0	72	255	255	255	238	84	26	0	1	6	8	4	1	13	83	195	221	132	46	11	0	8	0	0	116	255	255	90	0	0	0	0	0	3	244	
255	2	10	18	12	12	15	22	16	2	0	4	4	8	14	14	20	20	18	18	12	10	8	4	4	4	6	8	8	2	4	10	22	24	12	8	2	0	6	12	4	4	4	12	10	9	8	6	6	6	4	3	0	0	0	4	8	22	35	25	15	25	38	50	6	24	150	38	0	0	12	3	4	7	12	16	20	18	5	8	13	6	0	12	18	3	0	0	0	0	10	2	0	1	0	0	6	6	4	0	3	6	8	8	10	4	0	0	1	6	22	18	10	1	0	0	0	2	0	1	7	8	12	20	80	255	255	255	214	36	6	6	6	4	0	1	0	0	6	30	111	226	234	112	16	0	8	0	8	27	214	255	203	22	0	0	0	0	1	240	
255	3	2	11	8	1	9	14	8	1	0	4	6	10	14	14	20	18	12	16	12	5	4	3	5	6	3	3	6	4	7	14	22	22	12	8	6	7	14	10	0	3	7	8	5	0	0	0	0	4	6	0	0	0	0	0	2	10	17	22	26	27	19	8	0	18	143	32	0	0	17	2	3	13	20	22	20	10	0	7	15	15	18	36	20	9	1	0	0	1	6	0	0	0	0	8	10	0	3	3	0	9	9	0	6	3	0	3	19	28	30	18	2	0	0	0	0	0	0	10	14	14	16	46	218	255	255	210	14	0	1	0	0	0	0	0	0	0	7	17	49	142	215	153	47	4	6	8	8	4	114	255	255	71	2	0	0	4	2	236	
255	1	0	10	11	4	3	1	1	0	4	10	8	10	14	12	16	14	8	12	6	4	6	4	4	4	4	10	16	14	16	16	18	17	7	1	2	8	12	4	0	2	7	5	4	2	0	0	0	8	11	0	0	0	0	0	0	0	0	4	11	18	17	6	2	9	123	39	0	11	20	0	0	12	12	9	7	4	0	4	10	20	28	26	8	6	7	1	0	1	4	0	0	1	1	12	11	7	0	4	10	2	2	0	3	5	0	2	4	5	4	2	0	0	0	0	0	0	3	10	6	10	16	78	255	255	255	32	0	0	0	0	0	0	1	0	0	3	2	5	24	45	111	149	96	26	0	13	0	3	56	255	255	137	16	6	3	4	1	238	
255	6	4	6	7	5	5	3	3	2	4	6	4	10	11	11	15	11	5	8	4	3	4	2	4	6	9	20	22	18	18	18	18	12	7	3	4	5	0	0	0	4	8	8	6	2	1	5	10	16	10	0	0	0	0	0	0	2	0	0	0	4	6	7	13	24	118	50	9	12	14	6	4	12	10	9	7	1	0	8	12	5	0	0	0	0	0	4	2	6	6	2	6	16	10	2	0	0	3	0	16	9	0	0	0	5	5	5	3	0	0	0	0	0	2	1	0	0	3	8	11	11	11	106	255	255	156	10	0	0	0	0	0	0	1	1	2	4	0	0	16	1	44	125	121	48	2	13	2	0	34	213	255	197	32	12	9	1	0	240	
255	9	0	0	6	6	6	8	8	6	6	8	12	16	8	7	14	10	8	13	6	1	0	0	6	12	14	18	18	14	14	16	12	6	5	5	7	4	0	1	4	0	5	8	3	1	1	4	7	6	1	0	0	0	0	0	0	1	1	0	0	4	0	4	8	14	112	56	6	0	5	0	0	9	10	2	0	0	0	13	10	0	0	0	0	0	1	10	13	6	4	1	16	20	5	0	0	0	2	4	13	15	0	1	3	8	18	14	4	2	4	0	0	0	3	8	5	0	4	5	12	15	17	116	255	255	102	2	0	0	0	0	0	0	0	6	8	4	0	0	14	1	12	87	120	70	20	3	1	0	27	152	255	250	54	0	3	3	1	238	
255	4	3	6	14	14	10	8	8	8	8	12	18	16	6	0	11	7	9	17	8	0	1	0	8	14	8	4	7	5	6	10	6	4	4	5	7	2	0	8	4	0	2	10	5	3	1	1	2	2	1	0	0	1	0	0	0	0	0	0	0	2	0	0	0	1	117	58	6	0	9	0	0	8	12	5	0	0	5	16	5	0	0	6	12	6	2	8	18	15	6	12	28	10	0	6	11	8	7	13	20	20	2	0	6	18	28	9	0	4	2	0	0	0	7	1	12	17	10	6	12	12	15	129	255	255	74	4	0	0	0	0	2	3	6	5	4	2	4	4	6	0	0	68	123	87	28	3	0	10	19	87	255	255	126	14	9	13	13	236	
255	3	10	16	12	8	6	6	8	6	2	5	11	6	0	0	16	14	10	10	10	9	4	1	8	11	1	0	4	8	12	12	6	6	8	6	6	4	6	10	2	4	5	10	5	4	3	0	0	0	0	0	0	0	0	0	0	0	0	0	0	0	2	0	0	0	138	62	0	0	10	0	0	5	14	10	2	5	16	12	0	0	0	16	8	2	4	22	18	20	18	24	10	0	0	7	16	11	2	0	10	24	13	5	4	13	13	0	0	7	3	3	11	14	14	4	5	8	11	12	16	14	14	128	255	255	58	3	0	0	0	2	10	8	4	0	0	0	5	5	0	0	9	51	91	75	25	4	8	12	7	31	183	255	229	40	11	9	11	238	
255	4	10	10	5	6	12	10	8	4	1	4	8	4	0	12	28	18	8	8	12	18	10	6	12	8	0	0	2	10	16	11	6	10	6	4	12	12	10	8	2	3	2	4	6	8	8	3	2	1	0	0	0	0	0	0	4	2	0	0	0	0	0	0	0	18	150	41	0	0	26	15	10	1	15	14	0	3	16	4	0	2	6	13	0	0	14	26	7	3	1	1	0	0	0	8	0	0	0	0	13	21	4	7	1	15	11	0	0	8	4	3	13	18	16	12	10	13	19	22	20	14	12	124	255	255	45	1	1	1	5	12	12	5	5	1	0	1	0	0	3	6	16	24	70	99	58	16	12	10	1	0	123	255	255	15	0	2	0	244	
255	8	12	10	8	12	14	8	4	2	0	4	5	2	8	22	22	2	0	4	8	14	8	10	20	10	5	3	4	10	13	14	14	12	5	4	12	8	4	2	0	0	0	2	8	8	4	1	2	0	0	0	0	0	0	0	0	7	6	0	0	0	0	8	9	46	136	6	0	0	36	21	25	19	16	2	0	10	8	0	0	1	6	10	0	0	23	20	0	4	0	0	0	0	0	4	0	0	0	0	12	15	0	0	8	16	8	0	0	10	1	0	0	0	2	4	6	10	12	12	13	16	22	136	255	255	52	0	6	8	12	14	6	0	1	6	6	0	0	0	0	1	5	11	82	133	79	18	14	11	12	14	83	255	255	45	0	0	0	244	
255	10	10	8	10	12	8	4	1	0	4	10	8	6	12	16	13	0	0	5	7	9	10	18	18	11	13	15	16	20	18	18	14	6	2	8	8	2	0	1	1	1	4	8	8	5	3	0	0	0	0	0	0	0	0	0	0	0	29	28	15	9	12	26	46	100	144	19	0	0	43	11	3	9	4	0	2	18	4	0	0	1	5	18	18	15	20	18	0	2	1	0	1	2	1	0	1	1	2	14	8	0	2	8	5	12	8	4	6	10	0	0	6	4	2	1	0	0	0	1	5	18	40	182	255	255	52	0	0	4	10	6	0	0	3	4	10	9	3	0	1	2	0	8	53	83	44	2	6	0	1	6	43	255	255	127	6	10	8	238	
255	3	3	1	6	10	4	3	3	2	8	10	2	0	6	14	13	3	4	10	8	6	8	20	16	3	4	10	14	16	12	8	7	6	8	5	1	0	0	5	3	0	1	4	2	1	0	0	0	0	0	0	0	0	0	0	0	0	14	40	53	42	26	52	124	242	244	129	84	75	64	0	0	0	0	2	26	22	3	10	16	10	8	20	8	10	4	15	3	0	0	5	5	2	1	10	10	7	4	16	8	7	0	23	4	4	6	6	11	7	1	8	12	3	0	0	0	0	2	2	11	18	50	200	255	255	46	0	0	1	3	0	0	0	6	1	0	2	9	10	6	5	5	22	15	20	10	0	2	0	8	0	9	197	255	223	36	15	9	238	
255	4	2	2	8	8	2	2	4	4	5	4	0	0	4	13	14	9	7	6	4	6	8	12	13	9	7	4	2	2	3	3	2	5	12	9	0	0	0	9	5	0	0	3	0	0	0	0	0	0	0	0	0	0	0	7	12	0	1	52	112	145	140	124	226	255	255	255	255	255	255	182	95	53	34	32	22	4	0	14	10	7	2	19	0	0	0	13	3	0	0	4	11	13	9	12	4	5	7	18	12	18	22	18	6	4	3	2	6	6	4	3	2	0	0	0	0	2	10	3	8	20	52	190	255	229	47	0	2	2	0	0	0	0	6	0	0	0	5	6	0	0	2	20	0	0	5	11	5	0	14	0	0	128	255	255	39	0	0	244	
255	8	6	4	8	8	2	2	4	3	3	1	0	2	12	16	16	8	10	7	0	4	10	12	8	8	5	1	1	4	8	8	10	12	12	8	0	0	0	10	9	2	3	4	0	0	0	0	0	0	0	0	0	0	0	6	14	13	24	120	188	202	204	182	255	255	200	182	255	255	255	255	255	255	143	44	4	0	0	7	7	0	0	14	0	0	2	5	2	0	0	0	1	0	0	4	0	0	1	8	5	0	5	0	4	8	2	2	4	0	0	0	0	0	0	3	6	6	2	0	4	20	59	192	255	216	51	0	4	2	0	0	0	0	6	0	0	1	1	0	0	0	1	14	0	9	19	14	8	5	16	14	4	80	255	255	45	0	0	242	
255	10	0	0	9	10	2	1	3	3	1	0	0	8	10	10	14	10	10	6	0	5	13	7	2	5	1	0	2	8	13	13	12	8	4	5	0	2	1	12	14	4	2	0	0	0	0	0	1	0	0	0	0	0	0	0	0	0	48	126	172	140	107	122	148	106	137	110	46	74	135	249	255	255	152	30	0	0	0	3	16	4	3	12	0	5	8	5	0	8	7	1	1	0	0	2	0	0	0	5	3	0	0	2	0	9	5	0	0	0	0	0	2	12	12	8	7	3	0	0	7	19	60	208	255	210	50	2	3	0	0	0	1	4	4	0	0	3	3	0	0	0	0	18	6	22	17	0	0	8	18	20	8	62	255	255	50	0	0	242	
255	17	0	0	12	12	0	0	2	4	0	0	3	11	8	5	10	9	6	4	0	5	10	5	3	5	0	0	6	12	12	12	13	9	2	4	6	8	13	18	8	1	0	0	0	0	0	0	0	0	0	0	0	0	0	0	0	0	42	106	134	88	31	53	56	54	121	123	52	45	14	0	0	77	127	107	63	52	64	56	42	12	0	13	0	0	0	0	0	6	0	0	12	16	17	8	0	0	0	4	2	0	0	3	5	6	9	2	2	0	0	2	16	46	28	14	1	1	4	2	9	16	64	234	255	206	46	0	1	0	0	2	5	8	5	1	1	6	2	0	0	0	0	26	10	19	11	0	14	0	2	15	0	58	255	255	54	0	0	238	
255	19	4	6	12	12	0	0	3	5	2	3	8	12	6	3	7	10	8	7	0	0	4	5	9	9	2	3	8	10	10	12	18	16	4	4	8	10	13	8	0	0	0	0	0	2	0	0	0	0	0	0	0	0	0	2	15	1	47	94	115	90	48	60	73	86	158	134	58	30	1	0	0	0	138	255	255	255	255	218	120	39	9	20	3	0	0	0	0	0	0	0	13	0	0	0	0	4	5	4	4	1	0	2	8	12	16	12	8	0	0	19	34	40	2	0	0	0	2	3	8	14	84	255	255	196	38	0	0	4	6	8	6	3	0	0	5	10	4	1	0	0	1	28	0	7	10	0	18	0	2	16	2	56	255	255	54	1	7	234	
255	14	12	4	12	10	0	0	4	8	8	8	14	14	8	6	12	18	18	16	4	1	2	5	11	15	12	7	4	6	11	18	24	16	4	2	4	9	1	0	0	0	5	0	0	2	0	0	0	0	0	0	0	0	0	0	22	29	66	88	106	104	74	78	59	52	124	132	82	42	14	0	0	0	71	195	255	255	255	255	196	73	7	11	0	0	0	0	0	0	0	1	9	5	0	0	0	20	13	10	1	0	1	6	5	7	8	3	0	2	11	38	24	16	0	0	1	2	0	0	8	20	106	255	255	162	28	4	4	10	4	0	1	0	0	0	4	2	0	3	8	9	4	20	0	0	0	0	18	8	10	18	4	51	255	255	61	4	5	236	
255	4	12	12	8	6	4	3	4	10	6	0	4	8	12	12	14	14	7	6	0	6	16	14	14	18	10	0	0	4	12	19	19	12	2	0	1	9	2	0	0	4	10	1	0	0	0	0	0	0	0	0	0	0	0	0	17	55	102	96	102	116	84	50	0	0	92	144	102	48	15	0	0	4	19	50	54	36	73	121	113	51	5	8	0	0	0	0	0	0	0	0	5	12	16	9	5	20	4	3	0	0	3	11	2	0	1	0	0	0	14	28	10	2	0	0	3	0	0	0	10	22	106	255	255	128	18	5	6	8	0	0	0	0	0	0	5	2	0	0	5	9	6	6	0	0	0	0	34	7	5	11	1	48	255	255	70	0	0	238	
255	0	8	20	15	4	3	4	4	8	5	0	3	9	8	0	2	5	2	5	6	9	10	8	10	12	7	0	0	4	12	16	16	15	6	0	0	6	2	0	0	6	2	0	0	0	0	0	0	0	0	0	0	0	0	0	0	33	110	112	148	162	112	52	6	7	79	146	100	29	5	0	11	32	35	16	6	0	0	0	0	0	9	2	0	0	0	0	0	0	0	2	12	20	26	17	11	9	7	0	0	0	0	6	3	1	1	0	0	7	12	18	8	0	0	0	0	0	0	0	9	23	103	255	255	116	10	0	0	1	0	0	0	0	0	2	4	2	1	2	2	3	3	0	0	0	0	0	26	7	4	18	8	56	255	255	67	0	0	238	
255	0	6	18	17	9	2	2	6	8	4	0	1	9	5	0	1	2	1	6	10	14	13	5	4	6	2	0	0	8	14	12	13	15	8	0	0	1	3	0	0	1	0	0	0	0	0	0	0	0	0	0	0	0	0	0	0	12	120	134	170	180	146	84	59	48	34	107	92	0	0	0	8	40	44	34	14	0	0	0	0	0	0	0	0	0	0	0	0	0	0	3	4	14	18	0	0	0	5	0	0	7	6	0	3	8	5	8	12	13	8	12	2	0	0	0	0	0	0	2	10	20	99	255	255	106	5	0	0	1	1	0	0	2	4	2	4	6	4	3	0	0	0	0	0	0	0	0	17	0	0	14	0	82	255	255	60	0	0	236	
255	0	6	11	15	14	6	4	6	4	2	0	0	8	4	0	8	12	16	18	16	14	13	10	8	4	0	0	2	8	14	14	14	12	7	2	0	0	4	2	3	0	0	0	0	0	0	0	0	0	0	0	0	0	0	3	18	20	128	136	156	170	144	83	75	62	27	5	54	23	0	1	20	40	24	26	12	0	0	0	0	0	0	0	6	13	11	4	0	0	8	12	6	9	7	0	0	0	0	2	4	6	11	12	8	5	9	10	12	8	5	2	1	0	5	8	8	9	6	2	10	24	108	255	255	107	5	0	0	4	5	1	2	2	2	1	4	4	0	0	0	0	2	0	0	0	0	0	17	0	0	2	6	160	255	255	44	0	2	236	
255	6	10	16	20	16	7	5	4	2	1	0	0	9	10	12	18	16	18	20	16	16	18	14	6	2	0	0	0	5	12	14	12	8	5	2	0	1	4	6	6	0	0	0	0	0	0	0	0	0	0	0	0	0	0	0	11	6	114	138	138	124	96	62	66	53	34	45	100	78	24	12	25	33	3	0	0	0	0	0	0	0	0	0	4	1	1	3	2	5	20	16	10	8	1	0	0	0	0	2	6	1	0	2	3	0	9	15	10	3	2	0	2	0	5	7	6	7	3	0	12	26	112	255	255	114	8	0	2	12	10	4	3	1	1	3	6	2	0	0	1	5	4	0	0	0	0	18	12	6	6	0	32	255	255	255	14	0	2	236	
255	16	18	22	18	12	6	6	4	2	0	0	0	12	16	14	10	4	8	7	0	6	12	5	3	3	1	1	0	1	9	17	16	7	5	4	3	5	6	2	2	0	0	0	0	0	0	0	0	0	0	0	0	0	0	0	0	0	126	150	72	55	81	56	44	46	57	102	148	91	54	19	0	8	1	0	0	0	0	0	0	0	0	0	1	2	0	0	0	1	10	5	0	0	3	2	0	0	0	6	0	0	2	2	1	2	12	18	9	0	0	1	0	0	3	0	0	0	0	0	13	35	118	255	255	118	10	1	3	12	6	0	0	0	4	7	5	0	0	0	0	1	0	0	0	0	6	24	14	14	14	11	80	255	255	172	3	0	3	236	
255	14	10	10	9	8	6	4	4	2	0	7	13	16	10	10	7	7	16	8	1	10	10	0	1	4	3	3	4	12	12	10	14	9	9	8	1	0	0	0	0	0	0	0	0	0	0	0	0	0	0	0	0	0	0	0	0	21	162	106	5	28	137	117	12	42	67	102	78	42	29	4	0	0	0	0	0	0	0	4	10	6	0	0	0	0	0	0	0	0	8	6	0	0	0	0	0	0	1	14	4	0	5	11	2	3	10	13	2	0	0	0	0	0	4	0	0	0	0	5	20	42	128	255	255	118	10	1	2	8	1	0	0	3	6	3	0	0	0	0	0	0	0	0	0	0	0	3	3	8	10	9	112	255	255	76	0	2	6	234	
255	14	9	8	9	9	5	2	3	3	4	10	14	11	4	7	10	16	16	6	7	16	8	0	0	3	5	4	8	8	1	2	7	10	13	10	3	0	0	0	0	0	0	0	0	0	0	0	0	0	0	0	0	0	0	0	13	96	174	40	0	24	174	162	27	0	1	16	5	0	14	19	16	10	0	0	0	0	0	0	0	0	0	0	0	0	0	0	2	0	10	24	19	7	0	0	0	0	3	18	6	12	8	9	0	0	6	12	0	0	0	0	0	0	4	3	2	3	1	1	10	29	126	255	255	104	4	0	2	6	0	0	0	6	3	0	0	0	0	0	0	0	0	0	0	0	0	0	0	5	6	12	168	255	255	40	0	2	2	236	
255	20	18	14	10	8	6	0	0	5	5	6	7	8	13	20	24	12	6	3	4	10	2	1	4	6	10	6	5	4	0	2	6	14	16	7	1	0	0	0	0	0	0	0	0	0	0	0	0	0	0	0	0	0	0	0	9	144	134	16	0	42	186	151	15	0	0	13	9	0	0	0	40	57	36	4	10	28	0	0	0	0	0	0	1	1	8	7	8	4	9	30	6	5	0	0	0	0	3	25	12	3	6	0	0	0	4	12	4	0	0	0	0	2	6	8	8	2	0	3	8	18	131	255	255	88	1	0	0	5	4	6	6	4	0	0	0	0	0	0	0	0	0	0	0	0	0	0	0	5	5	46	255	255	255	24	0	0	0	236	
255	22	16	8	6	8	6	0	0	5	4	6	14	10	6	12	14	1	0	3	10	15	4	2	6	8	8	4	2	0	0	6	14	20	18	6	0	0	0	0	0	0	0	0	0	0	0	0	0	0	0	0	0	0	0	0	2	160	50	0	5	102	164	102	0	0	0	17	13	9	4	10	17	11	44	68	120	94	18	0	0	0	0	0	15	10	6	1	6	12	3	21	4	0	0	0	0	6	14	26	11	1	0	8	10	10	8	10	6	0	0	0	6	8	4	8	1	0	0	8	6	15	168	255	255	76	0	0	0	7	8	1	4	1	0	0	0	1	5	4	1	0	0	0	0	0	0	0	0	9	12	96	255	255	192	2	0	0	0	236	
255	18	11	5	5	5	4	0	3	2	5	8	13	12	3	4	7	0	0	6	14	16	7	2	4	3	2	3	0	0	2	10	14	14	10	2	4	4	3	8	9	2	0	0	0	0	0	0	0	0	0	0	0	0	0	0	42	152	0	0	20	70	79	81	0	0	0	6	0	0	7	40	60	22	0	46	134	73	9	0	0	0	7	6	20	3	0	7	3	0	0	0	3	0	0	0	14	19	21	16	1	4	7	10	13	11	7	4	6	0	0	3	6	0	0	8	1	2	5	10	0	20	210	255	255	58	1	0	0	7	8	0	0	0	0	0	0	0	0	0	0	0	0	0	0	0	0	0	0	12	32	156	255	255	94	0	0	0	0	236	
255	18	8	3	4	7	6	5	3	6	10	8	7	10	6	5	4	0	1	10	14	12	8	3	1	0	2	5	1	0	6	12	8	12	11	4	0	4	9	14	13	4	0	0	0	0	0	0	0	0	0	0	0	0	0	20	66	78	0	0	82	61	47	92	0	47	107	105	60	38	23	22	52	34	26	78	75	0	0	0	0	6	4	20	20	0	0	7	10	0	0	5	8	6	0	0	20	10	4	0	1	6	16	4	0	1	3	1	1	0	0	7	6	0	0	15	4	12	15	10	0	16	233	255	218	36	5	5	6	8	3	1	0	0	0	3	0	0	0	0	0	0	0	0	0	0	4	3	2	12	48	204	255	255	41	0	0	0	1	232	
255	14	12	3	1	14	12	4	3	4	10	4	1	11	14	18	12	9	8	4	6	10	10	6	2	1	1	6	3	2	10	12	8	12	12	8	6	5	6	5	3	0	0	0	0	0	0	0	0	0	0	0	0	0	0	0	14	6	0	0	80	106	66	90	34	49	88	66	62	122	128	72	62	62	70	94	27	0	0	0	0	13	0	24	12	7	3	1	10	7	3	3	6	4	0	0	27	2	0	0	2	10	12	1	0	1	4	4	0	0	2	14	8	1	0	26	22	10	3	1	1	9	252	255	186	32	11	14	4	0	0	1	0	0	0	5	0	0	0	0	0	0	0	0	0	0	0	8	7	10	68	246	255	216	25	0	0	0	4	230	
255	8	4	5	8	24	12	3	4	6	8	4	3	12	20	16	4	4	3	0	2	14	14	8	4	5	6	10	10	8	10	10	12	18	16	12	8	3	1	0	2	5	3	0	0	0	0	0	0	0	0	0	0	0	0	0	0	0	20	60	3	70	71	84	58	90	79	0	10	86	41	44	100	110	110	86	0	0	0	0	0	11	5	14	0	0	6	10	18	16	5	3	2	0	6	12	30	4	3	4	4	6	4	0	0	3	1	6	15	19	16	16	6	5	5	30	24	0	0	1	0	24	255	255	182	40	18	10	0	0	0	0	0	0	0	6	0	0	0	0	0	0	0	0	0	2	2	10	13	16	124	255	255	176	18	0	0	0	3	232	
255	14	7	0	8	16	6	2	6	8	6	1	4	12	14	12	3	0	0	3	8	22	20	10	4	4	10	14	14	8	6	10	12	10	6	5	3	0	0	0	0	7	13	9	0	0	0	0	0	0	0	0	0	0	0	0	0	0	28	130	180	115	50	51	27	53	85	27	50	97	0	4	114	68	26	0	0	0	0	0	10	0	3	13	1	0	0	2	6	5	0	0	0	0	9	19	26	8	6	5	4	1	0	0	1	11	1	0	4	7	8	4	0	0	6	16	17	0	0	6	9	50	248	255	191	45	10	6	0	0	0	0	0	0	4	8	2	0	0	0	0	0	0	0	0	1	0	2	9	38	244	255	255	124	14	1	4	2	0	232	
255	13	9	5	9	10	5	3	2	3	2	1	2	4	4	10	11	6	10	12	18	24	18	8	2	4	10	10	6	4	8	16	16	10	6	3	0	0	0	0	0	0	6	4	0	0	0	0	0	0	0	0	0	0	0	0	0	0	30	102	165	223	203	121	45	40	74	47	26	70	84	82	76	0	0	0	0	0	0	0	12	2	1	14	3	0	0	5	6	0	0	0	0	2	0	1	3	1	0	8	12	8	1	0	0	14	3	0	2	0	0	0	0	0	1	3	5	0	0	6	6	42	190	255	226	61	7	6	0	0	0	0	5	11	18	10	0	0	0	0	0	0	0	0	0	0	3	4	14	124	255	255	228	56	6	5	8	3	0	230	
255	3	6	14	17	6	3	4	2	1	0	3	4	1	0	10	17	10	8	8	10	10	8	4	0	6	10	2	0	4	10	14	14	10	6	2	0	0	0	0	0	0	0	0	0	0	0	0	0	0	0	0	0	0	0	0	1	7	40	86	56	91	149	185	214	238	240	192	170	194	210	130	0	0	0	0	0	0	0	5	11	4	16	20	3	0	0	10	16	6	6	8	12	10	4	0	0	4	1	8	6	4	4	5	3	6	3	0	0	0	3	3	5	10	9	5	0	0	0	4	15	29	139	255	255	85	10	10	4	3	1	4	8	14	16	1	0	0	0	0	0	0	0	0	0	0	11	12	82	255	255	255	96	8	0	0	2	2	5	226	
255	6	4	16	19	4	1	4	3	2	2	4	3	1	0	9	15	9	7	6	7	8	7	4	0	8	10	0	0	7	7	7	7	4	2	1	0	0	0	0	0	0	0	0	0	0	0	0	0	0	0	0	0	0	0	0	3	31	57	82	34	0	0	63	132	170	182	178	180	176	118	0	0	0	0	0	0	0	0	12	0	2	4	0	0	0	8	20	18	2	7	10	10	6	5	4	0	0	0	14	9	0	0	0	0	0	0	3	1	0	5	10	8	6	4	1	0	0	0	2	13	22	98	255	255	134	30	18	9	4	1	8	14	18	7	0	0	0	0	0	0	0	0	0	0	2	18	46	198	255	255	178	15	0	0	2	0	4	10	226	
255	4	4	11	16	5	1	3	4	6	5	1	1	3	1	8	10	4	9	10	10	14	10	6	2	5	7	0	1	7	5	6	5	4	6	2	0	3	1	0	0	0	0	0	0	0	0	0	0	0	0	0	0	0	0	0	1	39	66	79	26	0	24	24	15	21	36	24	4	0	0	0	0	0	0	0	0	0	0	3	6	0	7	0	0	2	14	6	5	5	0	0	1	0	0	0	0	0	0	19	12	0	0	1	0	0	0	4	4	1	6	9	5	0	0	0	0	0	0	3	9	15	57	177	255	208	106	31	1	0	1	3	3	0	0	0	0	0	0	0	0	0	5	5	2	10	30	118	255	255	255	12	0	0	0	0	0	0	8	228	
255	3	8	16	18	8	6	6	8	10	4	0	1	4	2	8	8	4	12	12	12	12	6	3	0	1	4	1	3	6	4	6	4	3	6	1	0	0	1	0	0	0	0	0	0	0	0	0	0	0	0	0	0	0	0	0	0	2	42	79	62	35	18	0	9	31	49	32	0	0	0	0	0	0	0	0	0	0	0	2	13	15	18	8	8	26	20	6	0	6	0	1	0	0	0	0	0	5	22	36	16	1	0	7	3	0	0	4	6	1	5	8	5	0	2	2	1	0	0	2	8	9	20	73	160	204	158	88	51	38	18	0	0	0	0	0	0	0	0	4	4	2	9	10	9	18	76	252	255	255	130	0	0	2	3	0	0	7	3	232	
255	16	15	22	20	10	12	16	18	16	10	10	14	16	16	22	20	14	18	18	22	30	32	26	24	32	40	42	44	48	48	48	42	38	40	35	32	32	37	39	36	34	35	37	38	34	26	19	14	13	17	23	22	11	7	7	0	0	0	59	79	68	40	20	25	41	50	33	1	0	0	0	0	0	0	0	0	0	0	9	0	2	4	0	1	20	4	7	11	5	2	2	0	0	0	0	1	16	32	32	20	16	13	10	2	0	0	6	6	0	5	12	10	3	1	0	0	4	11	6	3	2	0	19	74	99	98	118	108	71	30	0	0	0	0	0	0	0	14	9	0	6	0	0	9	60	206	255	255	255	40	0	2	3	1	0	0	7	5	234	
255	48	42	46	38	34	52	64	62	58	56	58	62	66	72	78	76	72	82	94	104	116	120	114	113	130	156	166	168	176	182	184	180	186	196	189	181	173	170	171	170	163	157	158	154	138	122	111	107	115	121	114	103	93	88	87	61	5	0	20	35	39	67	77	54	65	72	35	9	0	0	0	0	0	0	0	0	0	2	0	0	1	1	0	2	13	1	2	17	22	13	3	1	2	1	4	12	24	22	4	1	3	4	4	2	0	0	7	6	0	6	12	5	0	0	0	1	10	17	12	0	0	0	4	37	30	22	69	85	43	21	2	0	0	0	0	0	0	0	0	0	5	0	7	48	214	255	255	255	144	34	32	36	31	23	22	24	24	34	232	
255	108	110	108	103	108	130	136	122	114	114	118	124	126	122	122	126	128	140	152	152	148	142	134	130	152	174	164	154	162	168	166	164	174	176	166	167	165	159	156	155	150	142	135	126	117	113	110	108	105	99	93	89	90	93	92	68	17	0	2	2	1	42	73	52	71	86	45	41	23	0	0	0	0	0	0	0	0	2	7	2	4	5	14	18	14	0	0	7	0	1	0	0	0	3	14	22	20	2	0	0	0	0	2	3	4	3	6	8	4	6	7	4	0	0	1	3	7	0	0	0	0	0	0	25	30	14	18	30	9	10	24	3	0	0	0	0	0	0	0	5	6	5	32	184	255	255	255	255	143	125	128	126	119	120	128	130	128	144	228	
255	102	110	109	111	120	126	116	92	89	96	102	104	98	88	90	96	96	100	100	86	70	62	56	54	64	64	40	24	26	24	16	10	8	4	0	0	4	6	7	9	9	5	0	0	0	0	5	7	0	0	0	0	6	15	9	0	0	0	10	8	8	0	23	20	29	49	45	69	54	11	7	0	0	3	0	0	0	8	17	11	1	11	22	7	0	0	0	6	4	0	0	0	0	2	14	12	1	0	0	0	0	0	5	1	6	12	8	5	10	2	0	2	2	0	5	0	0	0	0	0	2	1	3	20	30	21	11	13	18	26	28	8	0	0	9	10	1	0	5	5	0	26	156	255	255	255	255	132	123	127	128	123	124	138	146	146	141	144	242	
255	30	32	36	48	52	46	34	20	24	34	34	28	24	26	32	36	34	28	20	10	4	7	12	13	13	16	15	10	9	9	6	4	3	0	0	0	0	0	0	0	0	0	0	0	0	0	0	0	0	0	0	0	0	0	0	0	0	19	10	0	0	0	0	0	0	8	23	42	35	29	48	45	17	0	0	0	0	0	0	0	0	15	15	0	0	0	0	6	0	0	0	0	0	0	7	3	0	0	0	0	0	0	9	0	0	4	4	0	14	0	0	0	3	5	0	0	0	0	0	0	0	0	2	11	17	20	16	18	21	13	9	4	2	12	14	7	0	0	0	0	8	150	255	255	255	255	32	14	24	24	21	24	33	44	32	29	28	24	255	
255	5	10	10	14	14	6	1	0	5	8	5	1	3	5	4	9	11	5	3	6	8	7	7	9	11	13	16	13	7	5	0	0	4	0	0	0	0	0	0	0	0	0	0	0	0	0	0	0	0	0	0	0	0	0	0	0	0	17	10	0	0	0	0	0	0	2	3	9	6	12	31	33	30	0	0	0	0	0	0	0	0	13	6	0	0	0	3	0	0	0	0	0	0	0	3	0	0	1	0	0	0	5	14	0	0	9	0	3	9	0	0	4	1	10	8	11	18	19	15	7	2	5	4	7	9	9	17	23	23	15	9	7	0	0	0	0	0	0	0	2	146	255	255	255	255	58	0	0	0	0	0	0	0	2	0	0	0	0	255	
255	3	11	15	14	9	0	0	0	8	10	4	0	3	5	5	7	7	4	4	12	16	12	4	4	9	14	18	13	6	4	0	0	5	0	0	0	0	0	0	0	0	0	0	0	0	0	0	0	0	0	0	0	0	7	9	2	0	0	0	0	0	0	3	0	6	3	0	3	3	2	3	0	6	0	0	0	10	0	0	0	0	6	1	0	1	0	3	0	0	0	0	0	3	5	6	6	6	4	2	0	0	7	17	0	0	10	0	0	2	3	4	9	10	16	22	16	18	12	6	6	12	18	17	16	20	10	14	17	17	17	11	5	1	0	0	0	0	0	22	162	255	255	255	255	78	2	0	1	0	0	0	0	0	0	0	0	0	0	255	
255	3	9	15	13	9	1	0	4	12	6	2	1	1	3	6	5	6	8	7	10	12	8	0	1	7	12	16	12	7	4	0	0	0	0	0	0	0	0	0	0	0	0	0	0	0	0	0	0	0	0	0	0	0	0	0	0	0	0	0	0	0	0	0	0	5	5	0	0	7	13	4	2	7	7	5	6	2	0	1	5	7	10	8	10	12	10	7	0	0	0	0	0	12	4	5	1	0	0	0	0	0	12	20	1	1	6	0	0	0	11	7	3	2	2	16	3	0	2	0	1	12	20	19	15	16	8	14	8	6	14	9	0	0	0	0	0	0	52	178	255	255	255	206	17	10	2	1	3	0	0	0	0	0	0	0	0	1	0	255	
255	6	8	12	12	6	2	2	6	5	2	3	3	1	2	4	3	4	8	8	11	14	9	1	0	4	7	12	13	9	2	0	0	0	0	1	0	0	0	0	0	0	0	0	0	0	0	0	0	0	0	0	0	0	0	0	0	0	0	0	0	0	0	0	0	0	4	0	0	12	21	14	5	4	9	4	0	2	4	5	2	18	28	19	7	8	12	10	5	2	8	15	16	8	2	0	0	0	0	0	0	6	28	26	5	2	6	1	1	2	10	5	0	0	0	11	3	0	0	1	3	12	10	15	21	11	0	6	1	0	8	3	0	0	0	0	38	104	182	255	255	255	150	8	0	11	12	10	8	1	0	0	0	1	0	0	4	10	11	255	
255	7	5	8	12	6	3	5	4	2	2	5	3	2	3	2	2	0	4	8	12	15	11	5	0	0	2	9	14	9	0	0	0	0	0	2	0	0	0	0	0	0	0	0	0	0	0	0	0	0	0	0	0	0	0	0	0	0	0	0	0	0	0	0	0	0	0	3	0	20	22	15	10	5	0	0	0	10	0	0	0	20	15	2	0	7	7	0	0	0	10	8	7	4	0	0	0	0	0	0	0	0	16	9	0	4	6	1	0	0	3	0	3	8	8	8	0	0	5	1	10	14	40	76	77	73	55	35	22	15	8	1	6	16	28	66	166	242	255	255	255	151	54	16	19	28	31	26	17	9	6	1	0	1	0	0	0	0	0	255	
255	4	3	4	11	10	4	1	2	5	6	6	2	3	4	2	2	0	2	7	10	12	11	10	3	0	0	7	12	6	0	0	0	4	1	0	0	0	0	0	0	0	0	0	0	0	4	11	10	1	0	0	6	10	8	2	0	0	1	0	0	0	0	0	0	0	6	26	16	22	14	8	7	3	0	0	0	12	0	0	0	21	22	0	14	5	6	0	0	0	11	6	0	0	0	0	0	0	0	0	0	0	10	13	0	1	6	0	0	0	0	2	14	20	8	4	5	5	8	8	16	60	156	198	158	162	169	160	133	102	68	44	54	88	144	206	255	255	212	148	97	54	22	28	37	48	58	46	33	25	20	9	0	0	0	0	0	0	0	255	
255	2	2	1	7	10	5	0	4	10	6	4	4	7	5	2	2	1	4	4	5	7	8	12	10	4	1	6	9	3	0	0	0	4	0	0	0	0	4	5	0	0	0	0	0	1	5	10	10	5	0	0	2	11	11	5	0	0	0	0	0	0	0	0	0	13	34	34	9	0	8	8	2	0	0	1	6	6	0	4	9	18	21	8	2	2	0	0	4	4	8	8	0	0	0	0	0	7	3	0	0	0	5	15	3	0	10	1	3	3	6	14	14	6	3	0	3	6	8	8	24	130	228	178	99	106	129	147	147	138	135	137	146	166	198	194	162	102	34	22	33	19	2	21	45	70	76	57	57	52	37	20	5	0	0	2	1	0	0	255	
255	5	3	0	2	6	7	2	5	11	5	2	6	9	7	4	2	2	6	4	0	2	5	11	14	11	5	10	10	2	0	0	0	0	0	0	0	0	0	0	0	0	0	0	0	4	8	9	7	4	0	0	0	0	1	0	0	0	0	0	0	0	0	0	0	14	24	12	4	0	4	13	1	0	0	5	6	4	7	9	15	12	11	4	0	0	2	10	6	6	8	3	0	0	0	0	6	10	4	0	0	0	10	24	16	6	8	4	0	0	6	12	4	0	3	2	0	0	3	4	30	156	174	40	0	3	7	10	36	64	93	113	112	110	98	48	25	22	6	1	8	5	0	12	48	84	74	51	74	86	62	32	14	6	5	8	6	4	3	255	
255	7	3	0	1	4	7	5	3	8	8	4	5	6	7	6	2	3	5	0	0	1	4	9	12	14	10	7	5	1	0	0	0	2	6	3	0	0	0	0	0	0	0	0	1	9	16	14	7	4	4	0	0	0	0	0	0	0	0	0	0	0	0	0	0	23	14	0	0	4	10	16	4	4	5	0	0	6	17	6	0	0	0	0	0	0	10	12	0	0	1	0	0	0	0	1	6	1	1	0	0	0	11	23	6	0	0	6	0	0	6	7	0	1	7	6	6	9	12	8	38	139	122	9	0	4	10	9	0	6	5	0	0	10	13	11	7	5	3	0	0	0	0	8	40	73	59	36	68	116	104	51	23	15	10	14	15	9	5	255	
255	6	0	0	4	4	5	6	2	5	9	7	5	4	5	5	2	3	4	1	3	4	5	7	7	11	11	6	5	4	1	0	0	10	8	3	0	0	0	0	0	0	0	3	5	9	15	20	22	24	29	29	16	1	1	10	12	6	0	0	0	0	0	0	10	22	8	0	0	0	8	10	0	0	0	0	2	1	8	3	1	0	0	0	0	0	9	12	0	0	0	1	0	0	0	0	0	0	0	3	1	4	3	25	5	0	0	5	3	0	4	1	0	11	13	14	18	18	13	7	44	110	95	17	0	3	11	19	3	0	0	0	9	8	0	5	6	1	1	0	0	0	1	0	22	50	44	28	55	125	138	77	37	25	14	16	22	14	7	255	
255	1	0	0	6	4	3	5	2	3	7	9	8	4	4	5	1	0	1	4	7	7	6	4	2	5	8	8	8	7	3	0	3	7	1	0	0	0	0	0	0	4	7	9	11	14	21	30	35	37	39	42	41	28	19	28	30	14	3	3	2	0	0	2	14	3	0	0	0	1	3	4	0	0	0	2	0	0	0	0	7	12	0	0	0	8	12	8	0	0	0	10	4	9	9	3	0	6	8	1	0	0	6	22	5	2	6	14	16	12	10	5	2	16	16	24	18	5	0	0	37	79	67	20	4	9	13	13	2	0	0	0	14	8	0	6	9	1	0	0	5	5	0	0	8	34	38	39	65	115	130	90	52	35	20	17	24	16	7	255	
255	4	0	4	8	4	1	4	3	2	5	9	11	5	4	6	0	0	0	7	8	7	3	1	2	2	5	10	10	8	5	3	3	4	2	0	0	0	0	0	0	5	11	16	19	21	25	29	28	26	29	36	42	41	36	38	34	13	0	0	2	0	0	0	5	0	0	7	3	0	0	5	0	0	0	0	0	1	0	0	7	18	2	2	4	6	2	4	0	0	0	13	12	2	8	8	5	18	16	10	1	2	5	8	7	0	9	18	18	12	6	4	14	20	16	21	9	0	0	6	34	55	41	14	10	14	13	6	1	5	0	0	5	4	2	8	11	1	0	0	12	13	1	0	4	24	42	60	98	124	112	83	56	40	25	19	24	17	6	255	
255	5	3	4	5	2	0	3	4	3	4	6	11	7	3	5	1	0	0	6	7	5	0	2	5	3	4	7	8	8	7	4	0	0	1	0	0	0	0	0	0	4	11	14	14	14	14	16	21	25	27	31	36	40	40	36	27	7	0	0	0	0	0	0	5	1	5	7	5	0	0	3	0	0	0	0	0	9	0	13	26	28	8	7	7	0	0	12	2	0	0	11	10	0	0	1	3	20	12	10	10	6	4	6	14	12	4	3	7	0	0	8	26	14	8	11	5	0	4	40	98	124	86	50	38	10	1	9	6	7	1	0	0	2	6	11	11	0	0	4	13	19	13	14	32	60	94	108	120	138	124	88	52	34	24	20	23	20	8	255	
255	3	5	7	7	3	0	1	4	4	4	4	7	6	1	4	3	0	1	3	4	4	3	6	5	3	5	5	5	6	6	4	0	0	0	0	0	0	0	0	0	1	0	0	0	4	7	12	23	31	29	26	31	39	39	35	40	34	1	0	0	0	0	0	5	2	0	0	6	0	2	0	2	1	1	1	0	11	13	12	20	6	0	4	0	3	0	15	1	0	9	12	1	0	0	0	4	12	3	0	0	0	0	14	18	8	2	1	5	0	0	14	14	2	2	2	4	8	18	82	228	255	255	255	255	243	209	174	148	128	109	95	91	98	96	82	62	55	76	92	92	106	116	120	146	178	190	168	168	178	140	90	54	34	26	20	18	19	11	255	
255	5	9	7	6	4	1	0	4	4	4	4	3	2	0	3	3	1	3	2	1	4	6	6	4	3	8	10	5	2	2	3	0	0	1	0	0	0	0	1	0	0	0	0	0	3	6	13	21	24	22	21	28	37	39	47	76	79	27	0	0	5	0	0	0	0	0	5	9	0	1	5	8	8	7	12	13	10	22	8	0	0	0	6	5	10	22	22	7	5	22	16	3	0	0	0	5	4	0	0	0	8	12	12	0	0	4	2	0	0	0	12	8	1	6	12	14	16	30	128	255	255	255	255	255	255	255	255	255	255	255	255	255	255	255	255	255	255	255	255	255	255	255	255	254	248	226	194	190	180	124	72	50	46	40	28	16	9	10	255	
255	11	13	5	3	5	2	0	4	5	3	4	4	1	0	0	0	2	3	1	0	3	4	2	5	7	11	14	6	1	2	1	0	2	3	0	0	1	8	7	2	0	0	0	1	3	6	11	15	18	22	23	22	26	34	48	84	125	114	56	11	4	5	0	0	0	0	15	15	0	0	0	5	3	0	3	13	19	24	0	0	0	6	8	5	0	5	10	13	16	16	8	0	0	0	0	6	4	0	4	4	8	12	5	0	0	8	5	0	0	0	8	7	11	17	14	4	8	48	198	255	255	170	101	122	147	176	204	226	250	255	255	255	255	255	255	255	255	255	255	255	255	255	226	202	190	168	144	138	124	82	50	46	42	26	16	8	0	4	255	
255	15	11	3	4	9	2	0	4	6	2	4	5	3	3	2	2	2	0	0	0	1	1	1	7	10	11	12	6	4	5	0	0	4	4	0	0	6	7	4	1	1	3	3	2	4	7	10	13	13	14	14	6	0	5	19	56	136	193	148	60	5	8	2	0	0	0	15	16	0	0	0	11	9	3	0	1	4	2	0	0	0	16	12	0	0	0	0	0	1	2	1	0	0	2	0	1	7	1	2	4	6	5	0	0	0	1	5	2	2	8	6	6	22	24	7	0	7	64	255	255	255	60	4	8	16	27	44	60	80	82	70	54	53	71	93	99	100	88	84	92	99	94	86	86	90	80	65	64	60	42	30	30	20	6	4	0	0	0	255	
255	14	6	2	8	13	3	0	3	6	4	2	1	4	6	0	0	0	0	0	0	0	0	4	10	8	8	10	8	8	8	2	1	2	5	0	1	6	0	0	0	1	2	1	1	5	8	6	5	5	2	0	0	0	0	0	3	66	141	158	102	34	0	6	0	0	2	12	10	0	0	0	14	20	10	5	5	2	0	0	5	15	30	16	0	0	0	0	0	8	8	1	0	0	6	0	0	6	4	0	0	7	8	0	0	2	6	10	18	18	16	14	16	26	16	0	0	14	126	255	255	168	41	10	9	5	3	4	10	10	13	9	1	2	0	7	13	16	18	16	10	12	15	17	20	24	20	17	20	22	18	14	10	4	0	0	0	0	1	255	
255	12	6	6	12	11	3	0	2	7	6	0	0	3	4	4	4	1	0	0	0	0	0	4	7	4	5	11	11	11	8	4	3	0	6	0	3	0	0	0	0	1	2	1	1	4	5	2	1	0	0	0	0	0	0	0	0	0	1	69	107	85	42	12	1	2	8	12	0	0	0	2	12	26	9	0	0	4	5	5	9	14	22	10	6	5	1	0	7	26	22	10	12	10	0	4	0	2	7	1	0	6	7	0	0	4	8	14	22	16	7	7	14	18	10	0	10	106	255	255	255	106	32	14	14	12	9	9	7	5	8	9	4	4	4	0	2	8	14	8	1	0	3	7	7	4	1	1	8	8	4	3	0	0	0	0	0	0	2	255	
255	14	10	6	6	7	2	0	2	6	5	0	0	1	1	6	7	3	0	1	1	0	0	2	4	3	5	10	10	13	12	3	0	4	6	3	0	0	0	0	0	0	0	0	1	2	1	0	0	0	0	0	0	0	0	0	0	0	0	0	53	99	92	60	30	15	12	4	0	0	7	4	10	22	3	0	8	1	1	2	2	2	7	2	1	2	2	9	20	24	10	2	5	7	1	3	0	2	6	1	0	10	12	3	8	16	10	10	16	4	0	0	10	10	5	26	124	255	255	255	176	54	25	15	15	18	16	10	7	5	5	9	9	3	1	4	3	5	9	1	0	0	0	6	9	4	0	0	5	3	0	0	0	0	0	0	0	0	3	255	
255	13	11	4	4	6	3	2	2	1	3	3	1	0	1	5	7	4	0	3	3	0	0	0	1	6	7	7	6	13	14	6	4	4	3	0	0	0	0	0	0	0	0	0	0	1	3	3	2	5	10	7	0	6	12	0	0	0	0	0	0	38	78	79	49	24	11	6	8	8	16	5	2	13	1	0	12	6	0	0	4	0	0	3	1	0	1	10	14	0	0	2	0	0	0	5	18	13	6	0	0	17	26	11	18	26	17	9	8	1	0	1	14	22	44	156	255	255	255	172	46	24	20	13	12	19	21	11	6	6	4	6	8	3	0	5	5	8	11	2	0	0	0	0	0	0	0	0	1	0	0	0	0	0	1	1	0	0	6	255	
255	6	9	4	3	4	4	6	2	0	3	7	4	1	2	3	5	4	1	4	4	0	0	0	2	8	7	5	4	9	11	10	11	4	0	0	0	0	0	0	0	3	5	3	2	2	6	13	17	21	28	36	45	55	51	28	9	0	0	0	0	0	18	36	49	50	36	22	21	24	24	10	3	7	4	2	9	6	0	0	18	6	0	0	4	3	10	16	8	0	0	6	0	2	6	16	30	8	7	13	25	42	28	6	12	18	9	9	0	2	1	18	76	154	255	255	255	255	174	36	16	24	22	12	9	15	19	12	8	8	4	2	3	6	3	3	6	8	10	1	0	0	0	0	0	0	0	0	0	0	0	0	0	2	3	0	0	0	8	255	
255	2	8	4	1	1	3	6	1	0	6	9	8	3	1	1	4	4	2	4	5	0	0	2	8	12	8	2	3	4	5	10	14	5	0	0	1	0	0	0	1	4	6	6	6	5	7	14	21	28	38	57	81	90	90	100	107	94	65	32	13	10	6	15	45	63	56	40	30	27	20	11	9	16	18	14	12	4	4	16	20	3	4	5	4	14	20	10	2	6	19	36	28	28	28	32	36	15	17	26	38	30	12	1	6	10	0	0	0	4	38	140	255	255	255	255	255	170	60	20	19	22	18	10	10	10	11	11	12	10	4	1	0	7	8	3	5	5	6	0	0	0	0	0	0	0	2	0	0	0	0	0	5	4	2	0	0	0	5	255	
255	1	8	5	0	0	2	3	0	3	8	11	10	4	1	0	4	6	4	4	6	0	0	4	10	8	4	0	0	1	2	7	11	5	0	3	4	1	0	0	0	1	6	12	14	14	12	11	16	26	41	61	83	98	115	146	165	160	148	132	105	76	57	49	54	64	73	79	72	51	32	29	30	20	8	0	0	0	10	16	6	1	12	22	22	26	20	2	0	6	34	32	18	16	21	24	30	19	22	22	20	5	4	1	2	12	8	21	54	156	255	255	255	255	255	222	116	52	35	26	19	16	16	16	20	18	10	10	12	6	4	5	1	6	8	2	2	5	5	2	1	0	0	0	0	3	6	1	0	0	0	0	0	0	0	0	0	0	0	255	
255	0	9	8	0	0	5	4	0	3	8	11	8	4	4	2	3	6	6	8	8	1	2	10	12	6	3	0	0	0	3	6	5	3	3	6	8	3	0	2	2	2	5	10	13	15	16	17	20	25	33	43	53	67	90	119	147	176	208	223	210	184	154	126	108	102	109	124	130	121	115	125	137	134	112	78	50	29	6	1	0	2	12	18	19	14	12	3	3	6	15	0	0	0	3	8	12	4	3	1	1	0	0	22	54	92	148	236	255	255	255	255	255	244	96	46	34	31	30	26	23	21	24	28	26	18	14	18	14	2	3	8	6	10	8	0	0	4	7	5	2	0	0	0	0	0	1	0	0	0	0	0	0	0	0	0	0	0	0	254	
255	0	11	10	0	0	9	8	1	1	7	9	5	4	8	5	0	5	11	7	2	0	4	12	8	2	1	0	0	2	6	4	1	3	4	6	10	4	2	8	2	0	1	1	3	6	11	15	16	17	20	24	28	36	53	78	109	147	184	207	223	235	232	221	206	181	158	152	160	172	188	252	255	255	255	255	255	231	142	86	63	58	64	44	30	13	0	0	0	0	0	0	3	14	5	5	20	36	48	62	76	96	146	230	255	255	255	255	255	255	255	254	126	36	17	19	22	21	20	22	24	23	28	28	18	12	10	12	10	9	10	10	6	7	5	0	0	0	6	5	1	0	0	1	2	0	0	0	0	0	0	0	0	0	0	6	0	0	0	254	
255	0	16	14	4	1	6	11	4	1	5	7	5	4	10	6	0	2	15	12	1	0	8	6	0	0	1	1	0	4	4	0	1	4	4	6	8	6	10	12	4	1	4	4	3	1	0	0	0	1	3	6	13	23	33	44	59	79	99	122	154	188	216	235	245	248	241	222	206	206	222	255	255	255	255	255	255	255	255	255	255	255	255	252	203	164	134	112	100	93	90	93	112	122	122	146	200	255	255	255	255	255	255	255	255	255	255	255	255	184	70	21	10	10	15	19	20	18	16	18	19	17	20	14	10	11	10	6	6	8	8	6	4	5	5	0	2	1	0	4	1	0	0	2	5	0	0	0	0	0	0	0	0	0	0	5	1	0	0	252	
255	9	18	16	6	3	0	11	6	3	5	5	6	5	9	5	0	1	14	13	3	4	9	1	0	0	5	3	0	3	1	0	2	3	4	6	6	10	16	14	8	7	10	8	3	0	0	2	4	1	0	0	4	11	16	18	21	31	43	56	75	99	127	152	171	194	216	222	219	221	226	255	255	190	142	139	218	255	255	255	255	255	255	255	255	255	255	255	255	255	255	255	255	255	255	255	255	255	255	255	255	255	255	255	255	238	182	124	68	17	0	0	2	9	11	10	12	15	15	13	14	15	10	6	7	9	10	8	8	10	8	7	5	2	2	5	1	2	1	0	1	0	2	8	6	0	0	0	0	0	0	0	0	0	0	0	5	0	0	252	
255	255	255	255	255	255	255	255	255	255	255	255	255	255	255	255	255	255	255	255	255	255	255	255	255	255	255	255	255	255	255	255	255	255	255	255	255	255	255	255	255	255	255	255	255	255	255	255	255	255	255	255	255	255	255	255	255	255	255	255	255	255	255	255	255	255	255	254	240	230	222	218	228	255	255	255	255	255	255	255	255	255	232	202	184	156	136	120	110	102	98	96	92	94	100	104	112	128	158	184	208	238	250	255	255	255	255	255	255	255	255	255	255	255	255	255	255	255	255	255	255	255	255	255	255	255	255	255	255	255	255	255	255	255	255	255	255	255	255	255	255	255	255	255	255	255	255	255	255	255	255	255	255	255	255	252	248	250	252	250	
